37.5 60.0 0.8 0
39.2 75.0 0.1 1
36.9 45.0 0.5 0
38.1 70.0 0.3 1
35.5 65.0 0.9 0
37.8 80.0 0.2 1
35.5 45.0 0.3 0
36.8 62.0 0.5 0
36.2 40.0 0.2 1
37.1 48.0 0.1 0
38.0 75.0 0.4 1
36.9 52.0 0.3 0
37.5 60.0 0.5 1
36.0 35.0 0.2 0
37.0 70.0 0.4 1
36.5 50.0 0.3 0
37.2 65.0 0.5 1
36.3 42.0 0.2 0
37.5 68.0 0.4 1
36.7 55.0 0.3 0
37.0 60.0 0.5 1
36.8 38.0 0.2 0
36.5 72.0 0.4 1
37.0 50.0 0.3 0
37.2 58.0 0.5 1
36.0 45.0 0.2 0
37.0 75.0 0.4 1
36.6 54.0 0.3 0
37.0 63.0 0.5 1
36.8 41.0 0.2 0
36.8 68.0 0.4 1
36.7 56.0 0.3 0
36.8 60.0 0.5 1
36.5 37.0 0.2 0
37.0 71.0 0.4 1
36.5 48.0 0.3 0
37.0 67.0 0.5 1
36.2 43.0 0.2 0
36.9 74.0 0.4 1
36.6 52.0 0.3 0
37.1 61.0 0.5 1
36.3 39.0 0.2 0
36.5 76.0 0.4 1
36.9 58.0 0.3 0
36.8 62.0 0.5 1
36.5 34.0 0.2 0
37.0 72.0 0.4 1
36.5 47.0 0.3 0
37.0 66.0 0.5 1
36.2 44.0 0.2 0
37.0 74.0 0.4 1
36.6 51.0 0.3 0
37.2 59.0 0.5 1
36.3 36.0 0.2 0
36.9 77.0 0.4 1
36.5 49.0 0.3 0
37.0 64.0 0.5 1
36.8 42.0 0.2 0
37.1 70.0 0.4 1
36.7 53.0 0.9 1
